$ 1 0.000005 10.20027730826997 57 5 50
w 816 400 816 448 0
r 720 448 816 448 0 1890
O 960 384 1024 384 0
r 816 320 720 320 0 2000
r 816 320 960 320 0 38300
w 960 320 960 384 0
w 816 368 816 320 0
r 960 384 960 480 0 2000
g 960 480 960 496 0
a 816 384 960 384 0 15 -15 1000000
p 720 448 720 544 0
g 720 544 720 576 0
R 720 320 640 320 0 0 40 2.5 0 0 0.5
R 720 448 640 448 0 2 40 0.125 2.5 0 0.5
c 816 272 960 272 0 1e-9 2.3937464100983603
w 960 272 960 320 0
w 816 272 816 320 0
o 2 64 0 34 20 0.00009765625 0 -1
o 10 64 0 550 4.374501449566024 4.8828125e-105 1 -1
